0 0 0 0
5 1 4 19.020
5 3 3 14.150
5 5 2 14.360
5 3 3 14.150
5 3 2 15.390
5 3 2 15.390
5 5 1 19.680
5 1 2 21.060
5 3 3 14.150
5 5 4 12.680
5 5 2 14.360
5 1 3 19.610
5 3 4 13.650
5 5 5 12.430
5 1 4 19.020
5 1 4 19.020
5 3 5 13.390
5 5 4 12.680
5 1 3 19.610
5 1 4 19.020
5 3 3 14.150
5 5 2 14.360
5 3 3 14.150
5 3 2 15.390
5 3 2 15.390
5 5 1 19.680
5 1 2 21.060
5 3 3 14.150
5 5 4 12.680
5 5 2 14.360
5 1 3 19.610
5 3 4 13.650
5 5 5 12.430
5 1 4 19.020
5 1 4 19.020
5 3 5 13.390
5 5 4 12.680
5 1 3 19.610
5 1 4 19.020
5 3 3 14.150
5 5 2 14.360
5 3 3 14.150
5 3 2 15.390
5 3 2 15.390
5 5 1 19.680
5 1 2 21.060
5 3 3 14.150
5 5 4 12.680
5 5 2 14.360
5 1 3 19.610
5 3 4 13.650
5 5 5 12.430
5 1 4 19.020
5 1 4 19.020
5 3 5 13.390
5 5 4 12.680
5 1 3 19.610