200 0.9
4 9 data
0.1 0.2 0.3 0.4 0.5 0.6 0.7 0.8 0.9
0.1 0.2 0.3 0.4 0.5 0.6 0.7 0.8 0.9
0.1 0.2 0.3 0.4 0.5 0.6 0.7 0.8 0.9
0.1 0.2 0.3 0.4 0.5 0.6 0.7 0.8 0.9
6 4 temp
0.202619 0.202619 0.202619 0.202619 
0.202619 0.202619 0.202619 0.202619 
0.202619 0.202619 0.202619 0.202619 
0.202619 0.202619 0.202619 0.202619 
0.202619 0.202619 0.202619 0.202619 
0.202619 0.202619 0.202619 0.202619 
6 6 temp
0.152383 0.275752 0.182084 0.336887 0.259728 0.125894 
0.152383 0.275752 0.182084 0.336887 0.259728 0.125894 
0.152383 0.275752 0.182084 0.336887 0.259728 0.125894 
0.152383 0.275752 0.182084 0.336887 0.259728 0.125894 
0.152383 0.275752 0.182084 0.336887 0.259728 0.125894 
0.152383 0.275752 0.182084 0.336887 0.259728 0.125894 
1 6 temp
0.152383 0.275752 0.182084 0.336887 0.259728 0.125894 
1 9 target
0.1 0.2 0.3 0.4 0.5 0.6 0.7 0.8 0.9