start 10000 sorting	0	0	16	0	15	0	0	16	0	16	
start 20000 sorting	15	16	15	16	16	15	16	15	16	16	
start 30000 sorting	31	15	32	15	31	16	31	16	16	31	
start 40000 sorting	31	32	46	32	31	47	31	31	31	31	
start 50000 sorting	47	47	46	47	47	47	47	46	47	31	
start 60000 sorting	46	47	47	46	63	47	47	47	47	63	
start 70000 sorting	62	78	78	78	62	78	63	62	78	63	
start 80000 sorting	78	78	94	78	78	94	93	94	93	94	
start 90000 sorting	94	78	78	78	94	94	93	94	93	78	
start 100000 sorting	93	93	94	109	110	109	109	109	93	109	
start 110000 sorting	109	125	125	141	109	125	125	125	141	140	
start 120000 sorting	156	172	140	126	140	125	125	140	125	156	
start 130000 sorting	140	141	156	140	141	140	160	153	152	141	
start 140000 sorting	157	163	172	176	157	172	173	156	165	156	
start 150000 sorting	171	177	177	151	172	170	179	172	178	174	
start 160000 sorting	197	190	196	221	197	210	203	187	203	187	
start 170000 sorting	219	203	203	219	242	247	240	223	223	218	
start 180000 sorting	218	230	220	203	203	218	219	218	218	218	
start 190000 sorting	234	219	218	234	265	234	250	234	234	234	
start 200000 sorting	250	249	281	265	268	307	259	265	249	265	
start 210000 sorting	265	281	266	294	284	234	250	266	250	250	
start 220000 sorting	280	281	281	265	266	265	266	250	297	266	
start 230000 sorting	327	327	296	328	312	343	328	312	312	328	
start 240000 sorting	297	297	297	297	297	297	312	327	296	328	
start 250000 sorting	281	327	327	312	312	312	312	312	297	297	
start 260000 sorting	312	327	343	327	343	327	328	328	328	327	
start 270000 sorting	343	343	344	359	343	359	359	390	343	344	
start 280000 sorting	359	375	359	390	375	390	390	359	359	343	
start 290000 sorting	359	375	390	374	375	359	358	359	375	375	
start 300000 sorting	359	405	359	390	390	374	405	405	390	374	
start 310000 sorting	390	406	406	421	406	436	406	406	406	405	
start 320000 sorting	483	468	483	499	515	468	484	468	468	484	
start 330000 sorting	499	531	484	468	468	468	468	519	526	481	
start 340000 sorting	555	515	515	530	563	516	515	530	546	546	
start 350000 sorting	499	499	484	499	484	498	485	501	600	485	
start 360000 sorting	514	515	515	499	514	484	515	483	515	499	
start 370000 sorting	530	484	484	515	484	514	484	484	484	483	
start 380000 sorting	500	562	531	515	515	546	562	499	531	515	
start 390000 sorting	530	577	530	561	531	515	561	530	608	530	
start 400000 sorting	577	593	608	593	609	609	577	608	593	609	
start 410000 sorting	624	686	655	624	717	639	624	624	702	702	
start 420000 sorting	624	561	608	577	592	608	562	593	608	608	
start 430000 sorting	593	624	593	609	624	624	608	624	593	640	
start 440000 sorting	640	624	624	624	639	656	609	624	686	593	
start 450000 sorting	624	640	608	640	608	655	624	640	656	640	
start 460000 sorting	734	749	764	718	749	780	780	733	764	796	
start 470000 sorting	655	639	624	671	718	655	656	671	687	686	
start 480000 sorting	733	765	733	718	718	734	749	765	733	764	
start 490000 sorting	764	764	702	749	717	733	702	718	780	717	
start 500000 sorting	734	733	780	780	780	749	734	717	718	796	
