2000 0.800000
2 25 0 50 data
0.000000 0.000000 0.000000 0.000000 0.000000 0.200000 0.200000 0.200000 0.200000 0.200000 0.400000 0.400000 0.400000 0.400000 0.400000 0.600000 0.600000 0.600000 0.600000 0.600000 0.800000 0.800000 0.800000 0.800000 0.800000 
0.100000 0.300000 0.500000 0.700000 0.900000 0.100000 0.300000 0.500000 0.700000 0.900000 0.100000 0.300000 0.500000 0.700000 0.900000 0.100000 0.300000 0.500000 0.700000 0.900000 0.100000 0.300000 0.500000 0.700000 0.900000 
20 2 80 50 temp
-1.580339 1.746535 
-1.667441 1.600191 
1.199905 -1.218620 
-2.233366 2.175336 
-0.525299 0.350003 
-0.256285 -0.045621 
0.530426 -0.412708 
0.592578 -0.582232 
0.648073 -0.961112 
-1.345609 1.213973 
2.101901 -1.884237 
0.849606 -0.781951 
0.079843 0.103547 
1.763467 -1.685609 
-2.120447 2.132553 
9.537284 -9.652696 
1.239775 -1.401520 
2.091455 -1.993033 
-2.435426 2.715805 
-0.624962 0.352358 
20 20 160 50 temp
-0.208394 -0.073570 -0.258787 0.012361 -0.145650 -0.269764 -0.376715 -0.221051 -0.253760 -0.319444 -0.241766 -0.274958 -0.375017 -0.139942 -0.268201 -0.272214 -0.198624 -0.361212 -0.177779 -0.347919 
0.154089 0.081521 -0.351131 0.169801 0.004865 -0.091148 -0.298963 -0.311191 -0.115710 -0.014955 -0.418921 -0.223146 -0.077112 -0.309674 -0.038578 -0.688221 -0.190589 -0.210647 0.100381 -0.090222 
-0.366981 -0.276512 -0.104182 -0.399194 -0.228255 -0.166183 -0.267449 -0.375271 -0.068423 -0.087856 -0.182398 -0.290069 -0.265120 -0.241299 -0.129838 -0.466257 -0.215389 -0.264953 -0.117369 -0.279854 
0.278330 0.247122 -0.173232 0.330885 0.200668 0.019318 -0.020282 0.098893 -0.224825 0.335113 -0.120303 -0.195756 0.043984 -0.212142 0.332775 -0.955626 -0.044914 -0.237720 0.350325 -0.020193 
-1.178267 -0.947477 0.103840 -1.150989 -0.592760 -0.437425 -0.287751 -0.060889 0.140046 -0.802183 0.631350 0.047373 -0.479049 0.329700 -1.406843 0.051878 0.371485 0.737734 -1.590138 -0.635637 
-0.275629 -0.427161 -0.305498 -0.316862 -0.156979 -0.164073 -0.219971 -0.368561 -0.222877 -0.362631 -0.079364 -0.285488 -0.278095 -0.233886 -0.284656 -0.362478 -0.123628 -0.244680 -0.338120 -0.072476 
-0.195152 -0.107562 -0.287490 -0.333026 -0.330518 -0.050904 -0.237974 -0.061502 -0.329751 -0.199584 -0.279913 -0.235230 -0.102497 -0.303864 -0.148151 -0.518591 -0.260324 -0.052020 -0.347579 -0.304744 
0.019618 0.043541 -0.316090 0.039431 -0.107427 -0.117350 -0.140062 -0.153012 -0.239280 0.041226 -0.380353 -0.324919 -0.305126 -0.279413 0.044157 -0.565329 -0.402668 -0.488630 0.073913 -0.056735 
-0.695590 -0.783760 -0.003849 -1.033390 -0.349538 -0.294834 -0.157365 -0.129526 0.037455 -0.743491 0.298355 0.001078 -0.207260 0.205439 -0.764068 0.192290 0.128953 0.442208 -1.071366 -0.377229 
-0.592555 -0.617922 -0.114087 -0.524670 -0.174699 -0.149620 -0.257665 -0.187869 -0.193132 -0.584212 0.262987 0.022203 -0.231194 0.131609 -0.655743 -0.017645 0.050644 0.230728 -0.860547 -0.334979 
-0.344627 -0.577653 -0.126201 -0.418578 -0.270526 -0.269502 -0.307307 -0.144848 -0.304525 -0.613531 0.040189 -0.224575 -0.285666 -0.009906 -0.618269 1.052881 -0.118599 -0.142231 -0.712889 -0.324987 
-0.543165 -0.502647 0.052153 -0.513018 -0.237070 -0.374033 -0.205447 -0.233105 -0.135396 -0.295203 0.055298 -0.197980 -0.210791 0.019245 -0.484373 -0.144866 -0.212334 0.133210 -0.736596 -0.235038 
-0.045184 -0.145767 -0.149814 -0.133820 -0.234018 -0.100157 -0.221877 -0.287286 -0.080537 -0.114405 -0.369382 -0.284606 -0.350520 -0.163502 0.003493 -0.455779 -0.385342 -0.308521 -0.293499 -0.131013 
-1.091416 -0.830327 0.269789 -1.173879 -0.404155 -0.241399 -0.318295 -0.251113 0.085254 -0.771560 0.468579 -0.174012 -0.477294 0.460821 -1.215778 0.064116 0.203605 0.634265 -1.298487 -0.363737 
-0.725843 -0.819941 1.835804 -1.297334 0.197062 0.584668 1.180800 1.160688 1.291023 -0.455708 2.535496 1.449573 0.774849 2.238100 -1.245344 -0.311101 1.812875 2.511999 -1.435816 0.163429 
-1.318379 -1.156151 0.845812 -1.780800 -0.266135 -0.120340 0.149807 0.347162 0.385813 -0.826779 1.581049 0.320388 -0.133854 1.446395 -1.879605 1.896191 0.901461 1.670877 -2.418975 -0.412533 
-0.011443 -0.214929 -0.360569 -0.223583 -0.051950 -0.327013 -0.389062 -0.390203 -0.284505 -0.001305 -0.327468 -0.273288 -0.080167 -0.161138 -0.094725 -0.303528 -0.181769 -0.317727 -0.183114 -0.335675 
-0.441166 -0.295690 -0.143465 -0.626588 -0.273366 -0.337649 -0.154308 -0.065690 -0.166269 -0.264758 -0.122745 -0.034147 -0.250465 0.077880 -0.491658 -0.254540 -0.161182 0.009978 -0.782858 -0.309321 
-1.710672 -1.791424 0.228990 -2.688826 -0.777339 -0.655789 -0.109222 -0.164807 0.053813 -1.472487 1.352497 0.031311 -0.470368 0.863730 -2.359535 11.682262 0.415264 1.429772 -3.109877 -0.758767 
-0.543091 -0.820659 -0.007916 -0.975435 -0.202643 -0.236748 -0.213275 0.009741 -0.066413 -0.516617 0.259880 -0.173403 -0.372741 0.258211 -0.692248 0.029796 0.265608 0.348048 -1.130444 -0.253331 
1 20 240 50 temp
0.422378 1.024909 0.336484 1.240782 -1.973865 0.142765 0.362108 0.994190 -1.171946 -0.680714 -0.638918 -0.409436 0.571624 -1.652125 -2.871573 -3.557379 0.526858 -0.316640 7.342658 -0.997037 
1 25 320 50 target
0.100000 0.200000 0.300000 0.500000 0.700000 0.900000 0.100000 0.200000 0.300000 0.500000 0.700000 0.900000 0.100000 0.200000 0.300000 0.500000 0.700000 0.900000 0.100000 0.200000 0.300000 0.500000 0.700000 0.900000 0.100000 
